 960.000778133054496  539.998033886980352
 896.515706087144736  1062.49302370247869
 762.335077354790656  457.583336763608713
 962.371378663722567  625.402142758249738
  812.62104620444336   67.351928421234831
 1325.33950881067585  278.362341131031656
 599.235640255633712  701.207001514860735
 1411.70427996056901  549.212653031357036
 1359.70344691481091  188.755759857484094
 856.859628267163203  502.536469000781437
 1107.78945447992464  551.155985181130518
 1310.62821201642032  480.707466932256295
 979.255150574367804  683.061862195517051
 652.722974549351306  744.781492305304482
 1099.78200386528306  325.832388149037058
 1052.92582220523082  645.189849154296212
 615.080337474039311  308.041133033472533
 1318.48220901907484   670.40300533126765
 1121.88122486046495  241.020264346761195
 1156.60953649326461  367.780726771710079
 1134.62779733974207  491.178058771559506
 434.881664106385415  292.880226091454688
 910.274358299125879  849.778774046803392
 496.255970098606326  609.249803419720706
 870.678812496431874  475.681735676071071
 976.393925616109073  877.437245499005144
 785.513467624226337  139.915793161480622
 1281.62503437745522  294.539368955689838
 1093.13291871653792  25.8590568689667535
 1072.88630429972477  829.294250733693616
 1321.49026405300674  789.980439214876924
 915.442091897998239  727.351584503827553
 412.280857854567614  312.798960739020174
  991.74012093942406  919.042677251708255
 781.798582525976258  134.597569919887036
  1223.1631472429533  738.050557946952495
 856.806291450786034  481.680180726547178
  1139.9408596088017  491.308966512099516
 1251.49043695943897  843.253518935615602
 1044.18607970726816  965.761975311340962
 976.573247906430424  424.513654564767762
 844.583751469861795  541.765347643647374
 929.053546301730876  168.261496709562095
 763.207586004734253  1068.62316847164084
 941.273240487357384  303.970986368631145
 1302.68392253342677  165.206009091074804
 1081.65342625718654  603.824304542817572
 996.952549420331366  827.893901555587036
 826.001218746310883  469.077405814391057
 622.213992784635138  404.782064931971547
 782.355377939078494  909.408403914972496
 636.962904405510585  375.371595338844372
 502.119286583875237  713.155963157649012
 931.614169828768468  628.703010749890154
 1033.41197626801613   307.70367759146626
 1173.77006193933516  988.784751644002768
 677.343814363055913  632.475215120366443
 557.823133871201094  343.741707316073757
 775.375862419417899  34.8189203552668758
 1239.19172840359784  427.687686040415883
 1435.29368412420899  409.979211250960248
 1358.27160652105067   419.51733916952594
 1163.48193966023359  648.284942195779536
 1066.72935721432759  533.691128631923448
 667.824682371931999  985.415775779963383
 834.036590298556689  636.491296975671162
 1029.16365514342874  697.776603436844994
 545.852871530820494  912.045519257301862
 1045.22806028660762  581.792517513348571
  940.02347874628208  293.120393081870361
 971.944137633497007  703.805012069505437
 1017.10183583166361    638.8434332960353
 1180.99722404101249   773.64913074668948
 740.714611821575545  604.089236947566974
 779.678700553878571  98.9163627610139429
 1076.89295301868515  295.803097582303451
 1422.15615680971223  229.114837366625125
 737.499807928365158  378.355745303916308
 1240.01422163332336  702.858390815247958
  1102.7344659697626  662.161260690986524
 762.624659904764599  184.496992983903652
  1035.4419635523584   607.01518792551451
 1133.90238628374073  380.948841716769209
  1035.8876550259306  418.378145783795162
 638.174336063414898  121.618774390264377
 851.837186936154922  897.281386685850748
 645.985286188785835  466.201263496056868
 1038.48036210881241  395.790422272127216
 768.301613068378856  339.609353217085413
 520.860675476849678  500.022614317663226
 917.917345727034217  225.637456611344618
 1101.22416226391715  616.562979330257463
 1044.08408117233512  146.706590356149206
 601.714664616136815  100.506585171899772
 682.055875323666669   389.21919307806678
  557.28944274677508  345.612706620000665
 465.717224482937183   512.36069021474907
 1234.40368636589005  922.091662289666942
 1052.41341618427487  541.045112820058762
 925.864624083612171  610.591434845077515
 560.284289599183694  520.265304194106875
 1162.56107729409041  872.651037986201459
 1077.90558492289551  508.416578870587387
  700.78663625753552  326.429938951235272
 1098.54553795653578  639.160765013172181
 1398.26460037974357  563.091935999861448
 1059.38997185924177  332.252105279465468
 682.676724588480511  429.760338075259597
 915.409343668706811  713.752745840697798
 624.946062736893737  760.609268066348704
 540.271757488619755  508.729557970517078
 896.731652458963708  584.821609476253116
 1126.46262598700014  850.007782609731521
 1170.07680843486787  79.7502402229063136
 858.524798719861451  820.729103482192954
   658.6685855804825   619.65899967989526
 886.625885218474991   489.85118440254206
 1345.69108577902534  267.734070635575279
 731.039596936460839  748.223728176264558
 860.737059621294065  442.877323877692334
 886.649223888930464  100.472815418025704
 988.634757847957076  444.137083698474783
 997.573038847390535  115.488154123729046
  900.72142754355832  590.235454168420006
 932.414142668008026  328.738280696356526
  932.09156954641378  329.605773563606249
 873.352508374321474  585.872677339146776
 776.308957964286833  621.159140760222158
 495.240933401676102  765.474116549533619
 1411.25288292176128  548.913013527063299
 510.030985737009473   578.82103418001077
 1281.30567861756253  844.332001909458882
 1049.97476326413039  470.267702698968492
  1333.8565298795445  874.008272643332816
  711.37297112422641  823.569915211215061
 1361.50027215530986   871.43012580253037
 1194.48329511488214  228.495122504012528
 1149.58925819841693  781.486194946552018
 1018.33531197122056  465.279696127632235
 1049.98752516947206  1061.31843616388505
 594.189752352124856  828.965483023491515
 903.890662867672745  671.217148168138692
 933.175156794470354  689.255569571830279
 1068.05581576634791  791.671998949371982
 1083.39010336748584   875.47607003411008
   778.7960712149237  26.8125369084539784
 829.125037701943256  483.224935680143005
 1068.01140734505225  610.577694845510678
 918.578868708839991  671.949708178605647
 882.326292381097915  553.129090342381346
 993.271457030174702  436.813480017672589
 821.863482943218969  491.035703042214607
 736.171966757112045  394.945220285942412
 900.615750558645914  907.810692807702253
 497.368746602998215  877.136200799390394
  827.97446294262329  365.862267705473812
 1397.64448611111197  211.346656530274686
 1416.11138892966505  862.214193533976413
 819.732017708107264  510.951137581570094
 1032.07529909942514  570.169467295029676
 1150.04062881270329  411.282638651531784
 588.260698921554535  789.154168326310696
 865.374390517526081  561.845966975283773
 1156.98189005550785  585.128270404739624
 1246.15438146146607  983.755386521371406
 976.769937085088145  460.416899112100566
 858.563589152564873   584.38907356673667
 781.967844057321258  485.751436464992082
 1184.74671862675223  432.738094292991775
 1018.08456296768998  473.555239730864628
 1027.36652783927775  601.651120785004537
 1221.86043142678909  188.798534795910967
  1123.6523056825215  379.635117542465196
 822.882255959073973  76.3380741093986472
 608.875270958754754  805.679794465557734
   922.3588992189176  283.158044689511314
 567.724030509416025  537.402978708918681
 1277.10868381313799   403.47922798865261
 1186.42699883614159  997.529921895427378
 420.307699938184498  701.652099658363227
 831.550160908108296  709.255009688574432
 374.849177989525458   571.05512255826136
 1134.71057602025212   723.98055057167096
 555.999802873228873  108.607779247881211
 760.526305283578608   174.07310465160171
 1123.10616228110712  340.476373691953427
  930.41648228644749  468.084027736153871
 1393.39310078630388  671.011556241688481
 748.798277692036322   32.651481775976734
 965.289669567586657  784.670856418993822
 1008.82919730431774  410.619479129761885
 1266.27172935834392  664.664599865327204
 724.816004946743874  955.395221471878358
 615.919150666633186  731.530628933208277
 900.052076865749655  595.252459338285007
 940.815293805759438  669.269423918208076
 1239.12012582091415  885.986692091705208
 1256.59255370826622  666.689788290141564
 981.962730283149995  730.015121260608794
 883.966264426990392  508.128074043086201
 1087.27270148157618  361.296974507098923
 832.920854679160925   526.69866545043044
 1204.42690074394409  854.079517039064172
 893.288782833681807  375.620321894249287
 1517.54178540103271  462.140131261835222
 777.551285916215875  164.567468078479209
 752.873432502568562  613.269975860610884
  1066.6601895035551  602.850913781867007
 1451.74072340048701  808.574188359973277
 973.950314261798212  353.690806961906276
 830.419525461147941  472.900963856475073
 1015.21967230075654  481.360131041991508
  512.34889989566534  314.780053088253169
 1165.21887664010478  858.267496603268114
 560.733196135106596  578.412831118430972
 1226.86189144506557  836.191588820235211
 1051.00350839148109  584.852104192833849
 1032.83919899696593  991.390350928421867
 520.581428079037664  343.567589037083906
 942.562740004051761  710.362755687433378
 1537.93683986384008  511.380537695952853
 964.234122448844914   334.35737686617739
 1155.95481549160695  191.281087681859447
 1313.52772452395789  435.581937512290665
 1017.65284420805676  618.405026810532149
 824.114836291309871  879.440496257471068
 549.743817977651133   900.58007353271023
 1032.07629681570347  570.089257872542248
 765.086708402504655  865.004128234888412
 1079.93764888035457  71.3585198537832781
 954.652304361465895  457.310744961245348
 1272.45492308499547  939.443674124711833
 799.523865257999432  206.329496929745915
 737.054631379237549  892.658739341620048
 1231.62181001720569  486.256339948829577
 685.892677407872611  1035.41109171430367
 493.119402864401991  820.791873734525325
 881.146898715555949  652.857023766961333
 817.523915983541656   488.62376112456019
 1045.92989626928261  552.565575480284338
 960.451377235832638  1100.49493411071603
 1426.70540697862566  634.164714240066814
 938.693177508595682  465.402806360612772
 1002.37937632361366  968.746225030755909
 713.556073503480434  545.681403071540217
 1004.86121746931826  467.297187812168147
 1030.45221112851732  830.354905377091654
 772.366337658640077  686.686571717539437
 1086.74862914405116  345.888832723567816
 1078.08950013660001  373.376525906538006
 934.501090077036679  872.465490156802844
 1067.20843378960535  21.2367439094582409
 1258.65888014311918  1043.83655465234415
 871.383918300459868  119.270013909170345
 1005.34207169413605  863.616040786442568
 1166.32011425761107  525.455748701973448
 868.724276265103754   682.19764655412223
 425.554547904328274  334.894802089227596
 797.532051672852504  451.251116314284218
 1292.70861786295677  127.422387402357884
 1331.33449114228006  797.144685295782097
 1179.93185387815038  159.771531613800249
 712.662610705459088  806.200398763823841
 901.935908101766358  888.435995773449349
 1136.37123214587223  863.658791153077118
 1413.91641844264313  260.768900306691989
 1112.66715588666716  606.468876757800217
 955.765471909568305  950.988685069504982
 496.773845814899687  556.699454883935232
 1188.11129862159328  101.637225629310052
 1451.86522137925294  513.323757360689342
 523.138694260398779  794.010739808957737
  819.08741653649588  361.512272156842243
 817.606110186135197  584.848614366919719
 1289.99056221694877  529.934694044587104
 966.650105446537736   899.84612523331748
 1354.72821633240346  738.615590716011752
 536.206336890573084  616.825146318378415
 1335.15804586413151  489.876219684384125
 1293.67033633425717  715.603263932704749
 654.975532204433534  517.433752273323876
 931.171356599371052  1019.15551735586564
 1007.72184122989142  140.704349068593501
 883.238436212542638  425.874561171565063
 887.676604465775313  642.443781963487254
 1435.33651648447835  710.627297268715779
 490.832014837298914  750.868761310782702
 1287.76996475497208  981.033097225730216
  1008.8219280495432  890.796236489037369
 1065.01830143335565  798.737061639217245
 538.301385809250633  322.185980569268111
 652.561605312698362  1021.48294344085309
 1124.49481421164251  881.431651653038898
 833.796062172193274  713.525351404594062
 762.354371398671447  664.169340371081944
 1168.49064201976375  498.217371642797445
 1213.00560211200195    47.60526812285012
  798.41045915075938  603.547520863047453
 1074.08420069678573  545.074489192710189
 1210.36668789686541  628.286159331552881
 1123.98560529940346  662.301272727541004
 1229.72786308692798  758.716570898438476
 1054.02469140626476 -24.7960508366257741
 664.713462596560817  514.049747705683103
  900.82374537686303  482.651334144340922
 615.294186162903202  307.761885365087551
 871.739037499998631  607.442527280043691
   1121.631468114462  800.133632673074317
 922.177458956890064  470.546315440446563
 764.121929044048557  506.457877199248799
 827.794457853325753  514.253833830389681
 1079.94659333379104  620.470378959357618
 703.683045919898859   910.25882600138516
 819.674356953546976  332.957991719289907
 1339.52985935667994  170.658828185797802
 910.395809999527728   947.10161898894637
 973.555278969991718  64.9299268502594771
 950.943074509910502  386.470867380149969
 966.663167974736439  446.682365143271682
 912.462408485532023  456.399075659237553
 641.325302764098183  275.055939929146518
 1280.90771856296601  151.090320394879512
 1274.37895222471161  384.377205452860949
 1134.15799282530224  141.516741193106697
 587.415117346372199  946.106681410526107
 1262.97595769859413  941.199879472583234
 681.341102958872284  31.7056248747018614
 979.703988958491436  823.147350309997591
  986.14568820334955   220.09347678661419
 989.241127216817517  291.204253085509094
 770.913970714404513  335.764533451036755
 875.499234463597304  274.406671816115022
 854.821919406275924  233.406248328272994
 701.340602564063374  412.861270673858655
 1339.45824455120396  496.388378715741169
 980.561640902772297  445.425110351727596
 786.815335228312961   463.54550985705572
 792.068460140630464  91.2347058193154083
 847.402909274579429  312.173471591540704
 718.451630622711718  332.053770947996497
 666.348613322223741   302.30361368411377
 1172.75245303660995  190.573571365745778
 1195.61296623012822  631.812119784819856
 1004.31748540967033  473.026957849242649
 565.312526589802587  588.895887067548074
 836.224024811890899  729.572678629673192
 1100.28704665730129  470.213729374799414
 914.253892580668435  766.818046187581672
 1260.94795931989506  798.879312478355018
 998.340279164085587  242.430527522949404
 1340.40484931493393  327.399774453215571
 1010.67363017978266  223.557844220194937
 713.725708818916928  503.747195830930139
 862.166150082946388  762.831087161784467
 902.107457087724811  1034.33864178137105
 1466.99570097749529  556.131046761303878
 1368.35690308700077  470.651108498373617
 698.834209714713552    993.0228980030912
 965.203124727029035  824.840512444852834
 1303.99511583024309  418.178554100487702
  1240.3837783636443  533.447986242394904
 783.487759206952887   641.12288571427473
  742.37973041238854  945.213616602942921
 1012.66854884058944  349.446080035447835
 1344.62317609272031  327.678081936586182
 1022.99126746745992   1045.2685297408118
 1514.26707233372872   741.71457706944409
 931.061346623738018  427.975160975449342
 871.666787343157011  811.348447891585465
 1171.55581695994465  570.572415666880374
 1010.00052002691871  350.385103169426031
 378.774541461965327  544.529358829393914
 858.749633865508031  548.021211653737168
 898.381014493799739  475.684420467929613
 1107.97534208686761  1025.13133787474453
 979.568956248162976  255.178486914275084
 1432.88187430715584  830.924405068509145
 785.714915456591712  593.436175995488611
 1403.13558627175803  682.523097041304936
 745.645878822300233  502.152593580206883
 1075.15978199172241  896.050440117506128
  940.15693708806441  943.813702725589451
 737.737426866518717  904.552698612945505
 813.465443083960281   701.46138886701192
 1390.80025808680989  498.956441567776096
 905.986119842669041  301.636680538471865
 841.120312336955521  502.216033335282646
 1047.08672582309237  753.906016885038184
 1054.55187048839502  577.098767223655045
 1071.95447868109295  418.798419537340521
 457.202118324549588  683.440206218834874
 1307.56191424840836  370.759825887307272
 867.944958033367698  483.149282961504127
 843.638856029573617  620.031815930187804
  1488.8228031431504  722.465927205275079
 519.925078995810736  541.604508367588437
  925.58307199184776  838.428224421359346
 1061.98446947340358  302.399025508859552
 1313.74309077993917  680.360599965494998
 769.911650835915907  523.223965014328655
 1085.22263762162333  389.829785246402651
 1125.17221740615219  537.198203327472811
 1257.56507521042226  991.537934979790748
 1000.10864391243445  871.127582736261161
 790.037922904164247  439.673389580017442
 1012.82965636365168  39.5587989325708307
 1191.79602614714827  454.553444046740196
 678.492598699668974  91.6855545081982228
   1229.078309976735  262.743384127121089
 1112.79047926678231  2.29436276561791042
 858.249417670036337  570.624785400566452
  598.78104501818575  78.6625089402163837
 524.510165774555162  306.948409767369753
 371.760264549219869  522.570337463821829
 872.461376635512693  451.334862230943486
 999.808567525860894  63.2099864463167407
 953.230040157053395  617.470249329459989
 1237.47176362430514  397.627356432587533
 1109.10704492212926  464.918131888274843
 880.995271423503596  788.328459070154167
 1327.41013989499947  590.771402459203273
 1320.19136861614356  159.415869225971193
 743.818616876502801  151.012549030550218
  1015.1211050549224  950.530843343833794
 1063.47103341556772  479.598848884405527
 739.108759242296173  735.006293233001088
 969.252886292111043  633.877890994977633
 1116.29166811952587  997.702566641602857
 941.859882641479089  869.526352715792314
 422.932549116675375  564.817822162026459
 949.380836207585958  696.304007648739457
 961.194632648793231  839.819938046257221
 625.101844234801661  799.131552351386063
 1225.90827585454531  925.971324840584089
 1386.80623751256735  540.828876557146259
 1484.56804500480075   319.78078260760617
 756.372742838142017  480.464275867688912
  638.18260019223635  831.080918707919182
  1438.9375080327618   216.76796015227265
 864.555434322427573  625.767954024142341
 400.550186861684608  632.101465176368606
 652.901472408719314   443.16225698244142
 773.665657012368911  1003.62101769647984
 1031.14803681849071  587.725504854374094
 1119.51905217925378  948.478568956909271
 779.268007664923175  1083.24419268366978
 750.487062146033281  419.984119147290357
 956.100305848058497  867.706761877882855
 1149.50030519965367  1015.90784654808613
 1305.26627739655419  711.446329726429326
 846.210859227193282  577.308259180101345
 1227.06963727586049  695.068898300579576
 1530.37306346762625  513.430507675242097
 1110.71220063214491   522.69782601485997
 1348.53804475050288  690.178344476972143
 974.846934416632735  422.986761744316823
 860.360738763671861  777.746265614839558
 1003.89011616085054  26.1220217209148657
 1207.59081287239951  684.553247604531293
  1185.2048581952904  118.300554806926812
 1397.35096990274951  211.623803439198809
 695.601150928664993  350.675214335451358
 1281.80160438954613  844.351052280518161
 616.972624538105492  127.497228058513144
  504.77295457201626  824.626498095166085
 648.216937286523716  646.253485709571009
 1109.07622133383052   675.83017081230912
 808.872148733839822  331.731342034330339
 999.830215074507919  219.824137954662518
 1292.77502649909957  393.532588025296377
 1506.85660224471167  333.742260140334395
 1036.78843094072249  661.131732280636584
 1061.91124421297945  813.357528023597979
 1018.02996648207625  717.317150336150235
 1011.21576934097914 -39.2888065161565052
 1156.37562043050116   399.36565016434372
  1507.8786250049352  676.558310027353286
 1037.78635127093389  342.254646058770277
 1316.77798384138714  68.4639403754372466
 912.855295608258984   342.97569585748073
 998.989325814021868   460.02272543991586
  479.13194822522513  786.650964173102238
 863.281237432977719  599.802139004904802
 737.534436252079558  554.772237158601683
 1084.08499357370056  474.956500602870904
 674.427322013422895  828.601742266637643
 1131.29294447173311  899.059077320557662
 639.683673949092395  674.531561549773301
 981.173156833400526  461.503233527665316
  778.78784117872749  687.547753225777001
 1279.93108145297811  793.680758123907594
 1127.47231100407816  573.560859531791493
 395.017410094106765  463.132480546327827
 1309.77781385651815  494.244267598398494
 885.754879516779738  826.856953296696702
 946.704580430763372   616.44047009720407
 1072.45647545612246  745.667242337127163
 1050.64245965048167  670.431744227765535
 1177.05633331617423  809.121303003134813
 888.228926170959539  646.876289972401992
  976.41917390710887  226.454773595744001
 1305.36519064555114  706.580581601360905
  473.55393214830184  254.167853026593832
 929.509547651801768  714.253038274763867
 1466.39826217782615  556.237222944030691
 1071.15162923044022  984.600665059129142
   728.9228108877262  927.529682249624784
 1067.83964340665693  533.319939325764381
 782.537213272267877  317.253809977662911
 744.934188202322503  7.11625946258817521
 1419.72645178531684  850.946420357385023
 836.308606224764844  598.594725199148115
 846.450212147551042  928.141546382009096
 574.246904163576005  317.662061214709524
 613.116506106306588  302.502650887402922
 1216.24193197167779  995.092970609266331
 1219.40533309736361  491.283260735140061
 842.399082339183792  542.000584864570669
 1104.55225296181607  77.8582531988658531
 718.176566126947478  80.5191677801323209
 991.315918577987077  822.154869460309214
 859.335056429488191  506.566104848200439
 1316.62854427327647  521.549227209167384
 480.660769506447537  352.612744401591272
 1095.20530123026447  476.884699939112807
  1293.9400238758933  774.682694154772548
 1429.97600425941391  761.741048792544575
 848.050777825447199  822.591707362318743
 818.706141905230425  136.410973743097344
 1343.53165341654653  852.588913447267601
 1334.95309105364754  398.302037831228461
 1403.59696151882372  727.253265674933232
 846.687914104631773  552.497771261868706
 1140.88970059493045  551.574413865666315
 1045.90200858831031  139.044473095331995
 565.867994157810131  234.312403511686654
 1017.63265289438675  667.852808642289006
 480.354592834512118  707.303349319249151
 622.868022483026266  654.438536553737435
  636.87921335327303  772.274247803849448
 757.623102362810755  639.960401508144059
 853.680932160132215  673.127503646319724
 837.151330589214922  691.912158839550443
 983.128300972221723   824.95614431801198
 1474.26476707724919  829.904501151150953
 945.617005805234726  984.055578570350463
 1195.65534762030984  215.223176469358265
 1206.03190549963119  550.616607507981712
 1014.16801032371222  667.808808954708979
 711.425330630198232  798.814854202166998
 1300.23286110096183  676.371173254370774
 805.491226998288653  550.521370792099333
 851.353762432024723  407.927446962613828
 1245.43179070721771  350.535694324752797
 800.369262864017855   623.28967637336018
  1177.4549283493659  936.953577438623824
 1062.73203742634428  326.112296336700467
 652.400207694087385  263.266608832198585
 1192.45603917343192  175.801515470101435
 882.342691020105917  387.595431768874903
 1318.34548226728634  953.741845479338053
 1095.61689364856647  925.363754495278272
 1537.95519894271365  582.901076198561782
 1104.50635102508022  444.082121055879099
 1236.14097957477634  610.198712606367508
 993.680938998619013  422.275631273563931
 1112.01718531381221  519.619906438615772
 1028.92769818232637  111.731621121789232
 1089.95959690337463  913.511977197871829
 1047.26932532659134  904.297060721827165
 1059.92751610090204  641.874180826274028
 1367.74274175576602  621.781907441533463
 1009.13626923105119  606.562876295473302
 634.015826501727929  483.709527581823124
 841.019913817014071  753.009295236033608
 1046.89153094883886  123.381425357618099
 1002.88133911797865  937.726407223286287
 483.555385234583071  561.992265742882068
 919.471535691875715  473.823346250992188
 995.779131612490801  722.078897710676529
 822.659360972592026   526.64599241040321
 1138.22501684859822  694.153707207830962
 1214.01764802830189  861.270060272084947
 1393.03290837799545  834.594428797546129
 776.004751467164965  612.157118997833777
 1221.86794799015047  628.298431439497335
 390.407028394848055  382.492640001619975
 1077.52038533338896  612.510947744425607
 1262.40672938085481  419.489369450617005
 619.286248831471767  797.883992610844643
 1134.61820535948459 0.096396582714921103
 838.587772617400788  802.052467282715611
 963.417325668890953  379.640643266223208
 793.674763167662263  597.350096783128151
 886.189153206116885  404.417215340934263
 900.979419285619883  854.032223439861696
 1454.49409642591854  643.898445822162671
 898.856597732175828  671.714608222029597
 565.392714347826654  255.198277432088787
 1421.72541351889822  304.812170985203636
 793.847698650110715  989.396606872037864
 949.099346935842732  774.070046314443175
 888.014472569781333  846.832519993385404
 1035.89953838845531  619.414928967360993
   956.9215023201549  713.962548334926396
 1322.14248328811937  431.833387120572695
 1009.79930464811684  45.8785469344929879
 1286.80025742672387  232.051584462142074
  1076.9173369140583  291.819327598407256
 870.916642261388802  518.349927790132142
 1042.49446793640845  553.589596568410343
 777.813381512081037  507.575956397419077
  1136.3763796250953  717.494493743964313
 578.646747589747633  965.512880959475524
 567.319690004207246  120.711000081199799
 1063.05684275907743  877.483641817919192
 1386.28085369884434   440.36098890144126
 1366.37861615140241  502.940782559666275
 858.616863268784414  812.344166322120259
 613.295148306177225  695.848201762743201
 594.543134293133221  971.307171300291429
 976.916452392080828  650.368974658075217
 653.880116086313478  125.842802420519988
 1305.71387484322736  444.301017152139025
  956.45923749496626 -35.2951588411237509
 937.038037892365423  337.596059007263989
 883.622725940548435  659.634781354833081
 923.883765729365678  -29.011622367117841
  559.50496559973692  915.383341775861481
 635.327287232784215  400.040881966293739
 1061.58868480979982  580.412340638421711
 1212.29455346858936  303.787837471949956
 753.478788754130051  390.707410398709783
 957.530516748716764  935.521916455674727
 1291.50561245468566  857.619927098689459
 966.219232687074054  623.923453004587486
 556.477749289959092  810.094380066726671
 973.588621591071274  240.029929412808059
 749.028341407770881  273.927522256376733
 989.832576084255948  153.236551590224195
 1122.41606266875147  730.971067045941027
 1381.22707593234304  871.272841311339221
 866.793807955830744  700.252911366471722
 1185.15235697303842  559.479075724952168
 1022.80030815921464  589.619546714062494
 864.065382354755116  389.118737153937559
 603.874017601523178  755.413117799644397
 940.172203031847744  422.133156815792461
  1489.5911403713169  366.233778214504071
 1241.93382595481671   660.08368866922001
 724.173852418248885  415.811150628975668
 1491.01071543189983  596.703060386041102
 1116.02550549140756  475.788981411931218
 717.413990026392639  358.638227732550376
 1142.93467870353561  1046.73903174295083
  1166.3425423413737  574.994180468363879
   641.8127254164541  83.2862107609435895
 1365.21443684430346  244.918052008277954
 1001.51317120932492  622.763143631571779
  948.22113690758124  374.761216541984993
  693.32496335611529  339.185291494676846
 1394.53552912757982   491.13782114423168
 1261.65836608660129  143.877460937478759
 864.168040243251994  381.017938332741494
 787.064343148943067  739.213474897943911
 1151.28685806939257  418.336384619169621
 1228.01403634502822    465.8990924961372
 1409.49337136643203  229.309381898289672
  1450.4404951214176  272.145148850994417
 764.968943363129483  647.229506447985955
  807.00956952358365  198.741303457781868
 1288.72347147928849  296.345805006350815
 825.454938620594135  59.8727453844900097
  1169.1034538160759  3.49621379623123207
 812.885900494210773  772.400351478871698
 1386.38884290451756  560.926795178936231
 597.856951648416384  452.620822113826364
  822.71440443474944  618.738641081306469
 917.198947416940769  377.354878562671274
 1167.18290426826752   883.38774746352567
 1315.51068202072111  533.576455566558138
  762.68968783195487  455.284208863894776
 1345.73740996081756  129.845043615271436
 878.596644008352769  563.195061985081111
  1023.9418581429012  622.803042255382252
 1326.23537479158904  346.046482829454192
 515.507898823610503    314.3514653762374
 850.461026238075419  216.143946086742545
 1042.21493406242143  526.269418791047315
 878.118939875716592  428.605008410919595
 1066.95006246771072  696.382276195830059
 864.268481602966062  579.446277753981462
 849.220757419035749  979.204013540677806
 831.955460202010272  366.738477204688991
 1063.66395222253232  520.992563332599957
  1347.6479746481607   338.26167219384115
 1061.96629004537772   592.04572784601487
 979.158917553027322  845.479786505922107
 803.575771076528213  541.422551447161936
 1049.62189182069665  293.733647564004571
 884.712202382340706  584.349245038992422
 598.085734650770632  716.717555940202146
 890.642261385076154  787.788661837618179
 1080.88058980694518  787.864710656566899
 1067.19865567539068  317.703259057268895
 1016.53313397586066  670.311794073819101
 1063.75940002163043  878.979341981562584
 952.698583375065596  1039.18927545624001
 670.005110532908361  151.375088805703399
 964.977049032810442  671.500522327013073
 982.042470814193621  729.000170366139741
 623.391352795540797  457.956111717365218
 1239.16634108015205  410.598940388421795
 949.739592594110945  30.1593965368217205
 738.377188427950728  713.857824281785383
   1037.679540401841  331.347553456282753
 736.168552444357033  253.191324444558973
 521.232329256002686  312.351844926467777
  1165.2018049532478  868.864257296779101
 843.232586265538657  837.762943412748427
 663.145811953042994  557.464665410491534
 635.893941076079045  224.956757106431439
  1213.4581201333815   436.98216689077401
 1123.86865244273599  909.695889548087052
 544.341420043778157  172.350535153497901
 926.753185391539432  361.357632095903568
 861.640101972379853  631.303320781354842
  965.54263288096945 -23.1964603411944488
 1458.02092437664919  855.252291139767408
 874.140589588107787  797.142783198785878
 994.845974880230642  611.749219055608819
 1128.25355294308474  363.174332898776015
 1356.15265595054802  297.084340579018033
 803.445397362129711  580.892648074140538
  903.99414518561241  225.273914349593838
  656.45270178602982  835.053547007456132
 1373.44228284358724  772.082469082242824
 901.585371486364465  908.796568449326287
 1272.60291924452713  67.6113167837985287
 678.116686825579563  474.536784434905428
 589.734184331801998   426.80242325732911
 1331.29312743433002  613.222284293741495
  849.55483024320904  110.779965288168938
 1155.19700996648885  336.448674973162838
 1283.35315695048348  181.412860113533981
 968.331914220134991  440.414682784895831
 1173.83380005122081   366.76260399961518
  856.53344947528808  700.790915684700963
 376.762538048533372  651.968517823318393
 1122.51286518304801  432.499533525258812
 631.366593631867772  473.202471913454929
 1108.45685446587504  194.719452181614344
 567.240830363478267  469.740475361446613
 819.628224384744044  329.939607928986618
 984.812359091002349  818.210931031744735
 1166.17042497319335  563.174381808598014
 1283.64342423163748  267.951335236245939
 754.233086996409043  168.676068942212282
 708.089230127436281  285.195220368585979
 1116.19900142711094  569.564778173008449
 492.934439975619739  343.835531429782861
 1182.60028333800938  171.243559940451917
  1085.8606885854465  537.957731268066254
 392.886340692174656  456.667079624793246
 1035.01029938333045  508.938497697055766
  790.75019719563511   7.4695615858225155
 1194.76017820086668  111.175014191836254
 1289.97347784054637  642.351205357008439
 880.234518523107681  420.531066918578404
 1069.32253399910292  140.026374445697712
 1023.62968444646322  644.873388498386817
 850.034088209562015  241.471926487948281
 925.468279824164256  341.430052414001409
 925.212825217506179  275.575440699839476
 770.241389502794846  989.478624489628601
 961.353322438549412  683.493342233397925
 507.782539771720849   848.12093261693019
 822.650578815081872  538.272891144883715
 811.418581827801859  110.527289470959303
 575.582447021880967     637.698015101745
 427.914851902479199  504.737447815944336
 722.107847369638762  242.900118582986835
 898.323233870384342  486.744541277447297
 862.831478838545877  213.789472071375684
 1083.77630601966166  369.895973622235033
 868.378567378763478   521.93703866977512
 851.989987794815306  801.566599203661781
 1232.41580065800144  310.597230711607779
 457.885655097291703  425.932795671027577
 919.670968371675826  439.964999114723582
 824.773389670177949   486.67731058697251
 636.588706158621221  79.0313647813696605
 625.604448624558927  758.225174063143754
 843.968760958209828  436.807519609531994
 1339.12561676367727   962.49590361922742
 1238.95228217091153  266.458591714009344
 563.559729697500757  110.431002107365998
 965.942528066268324  657.742337525544826
  995.83814563963449  255.218305209200281
 902.637635358834359  338.384438328400279
 1206.33239685012541  114.165619938826794
 920.491179576378272  610.068791295988376
 1402.64103773848274  322.522338593490872
 822.606483293114593  631.285236597867424
  790.15415378949092  475.551790669451236
 949.879754402184176   188.15754276258599
 1358.72645929103373  159.719641927186302
 999.630136709936892  18.9724653900551523
  909.34630836544568  836.748789889530485
 611.167605060553569  535.691090793297349
 743.866101701152957  297.653971697940733
  653.47585617020377  456.473412642266851
 885.221155394805578  507.282622589163736
 1397.72274495405486  528.506025795177607
 1032.09966932331645  1054.90591188119697
 981.702765025512463  361.224325415093915
 1007.88563864585001  307.524446789587898
 962.094066504222951  448.345600486492401
 852.513759535073291  52.9111909253815114
 1044.47136131484331  327.604239518979455
  620.69550812692421  600.746004924717681
 891.826652258226659  622.702711297954693
 1119.80158886662957 -13.8291871477864401
 1352.51409858155625  127.967036541355895
 649.857809952732737  796.453701387523097
 1514.47893495033418  538.318036204915643
 1132.20328342879884  504.743039167621873
 570.840835395690078  99.7339761315711257
 982.361520623162164  632.266207823059176
 1105.54285098281571  583.737847863407524
 531.714092689051654  676.448719768148749
 973.911132324063487  224.665816677095165
 1115.28759621674203  383.279562186471082
 616.025491641592339  552.529025735333448
 919.105250934406854  638.436216735590506
 881.550029510478339   580.33370263323809
 1130.56903208872518  593.509728531915698
 847.898881422935233  311.926823457251032
 915.998496499493513  82.5300423948159931
 1372.34301467415185  168.608887696748411
 864.575798033595447  737.525991989583531
 830.423704234649222 -21.1896801100753009
 884.767685120051965  570.044219860386875
 1073.40364405398168  543.943276592853067
 987.965912577025051  830.062410969592975
 848.832062643816812  131.859474430850241
 992.177413223473422    618.0348746391021
 980.579487508854413  1067.49478335265894
 458.200938564561511  840.401208057181179
 928.198375386550765  1060.97833064933707
 951.730799679576876   342.62489120533553
 1351.91322057252364  417.532474923201789
 982.862902943047175  648.535567073669313
 1240.85379344934972  793.432688052712365
 1092.77364758105546  711.013158821204229
 1103.42072361253804   638.29953192909295
  892.79288527400854  297.512012861212327
 1156.02101874876416  543.217820126964853
 1461.73330497248162  717.866886891711488
  1194.5287750084683  1061.76864112799831
 1408.79314547125523  250.100125322734129
 1223.29138786936232  78.0429239726068289
  967.50489588199855  310.244614507570589
 404.501368296424687  451.137724669899001
 1240.82102039013853  655.992772665471875
 1197.25705000814537  606.758591158817808
  1104.7503798567443   510.57467813563818
 608.881224838056937  804.831373940293474
 828.685871713956431  660.745129071264614
 1139.30180125123479  343.915307755136894
 853.756971525308813  400.502873837036077
 1117.03868267343751 -9.56531318689611609
 589.731252615866879  550.538032576262253
 1131.68109169818922  362.790547989283823
 1275.60348882997118  113.507562864110284
 448.184641727074279  806.107805736638056
 1240.71715254423793  589.451394749658562
 1287.39813122342662  125.610619642332196
 932.429985003513707  74.9157232160743405
 1501.48029654672609  603.964200869991487
 794.046776344787986  918.306482800915546
 785.134673038122514   432.63158804179443
 1121.25461585658104  176.704579487914117
 505.725735690136275  233.281277600020729
 1010.92325007196564   437.47882050367275
   1455.880311751828  541.422096241066583
 792.396298180388499  938.803910540798597
 1288.15575765457584  1023.87458734606275
 690.367966946399179  767.353728846129457
 535.805037118912992  355.795174995536286
 1059.43112902247503  438.517931032881904
 1386.53076412673431  523.906871483439431
  1147.4514088631222   338.34721963819635
 868.938885004820804  393.513887580871369
  895.86264094776584   457.83481784219191
 687.168289677629332  888.353347236016816
 1039.57431794230411  766.438744267850552
 1386.60218868065681  837.386212230067713
 992.189089112153852  919.210915965463073
  838.92911135312886  647.854419109039668
 1031.18922214188774  248.471377975404152
 994.048579789797486  814.110537607429592
 824.198775562560513  242.275975573729653
 681.144832136443824  958.309499994555722
 591.008483807209814  335.539128824040858
 472.672686562864897  289.041114702234609
 668.039286116028279  72.5304284681362503
 674.781074136534585  999.815956076868019
 848.313358404774704  855.562035770119678
 1353.78431122740994  169.446707360698156
 1311.83259317737156  524.324713284783229
 883.568163888927529  523.884693560866253
 857.877974047354655  568.508741657599785
 1167.12725261448327  585.824138879110365
  854.11429729002748  502.966197597440157
 1268.55552490439982  255.062464099630773
 1235.93770762840927  524.174368879414146
 979.222568554787131  401.168229217793282
 818.636321297886184 -23.6994379757239209
 1361.33623559208877  323.400676298912515
 788.234479879328433  541.051676365600542
 1028.44948803540956  367.072485689805376
   701.0953514281249   719.45913008140883
 1009.73097882684544  173.831565792203349
 496.036822516807661  609.490610417686298
  1185.6848293271396  395.254994427844622
 1069.40608289377883  519.075680513355678
  1051.3832657497951  631.517366527601212
 957.301589640320117  339.593292838354159
 1158.88513733175387  158.079764648358008
 887.196419583660258  670.518924832153516
 1014.50847741012149  112.761379752564338
  833.73235290719208  771.208307533731613
 1085.43497724080748  258.075131058576233
 878.840673798151215  510.651080250295763
 647.963733099999558  266.328800981754966
 802.749373886977537  617.568457302981869
 955.172477789108484  654.489428729325823
 801.051110069529159  468.942082208769591
  1468.6022475561972  329.507776987759655
 1177.26608140568419  296.584742308177283
 610.126194811949404   696.07985850687453
 893.244368869303685  654.783333417308313
 1065.85329618809328  603.443195966590451
 1068.18919405219253  444.972461403221757
 1098.73787303357267  484.564474317898203
 940.260162756097202  463.375125588827586
 1285.34864931331799  892.657850940569119
 1065.96926987364009  457.283946905291998
 764.600466103645203  509.388150115442102
 994.636657185023637  390.930286546276818
 770.137705389286566  561.150519723738171
 1326.51027283251165  634.293539531317265
  860.60885081981246  1008.85353300074382
 622.178335595313115  686.254182817142009
 824.398101473119823  374.348062692233839
 1222.31267397403371  518.987741132197243
 1304.85910366581265  118.347879382394609
 1367.87222695181731  731.223096448414026
 1169.33088036389495   932.00996558459326
  770.99937994540619  990.919667591722373
 1359.10024503714499  763.054764495553854
 537.198412819565874  227.803353549413515
  1376.3829017063515   628.84427448904205
 531.750933281540597  382.181651985089218
 1403.54059639657294  264.082921974255953
  663.73286835751162  644.287420665489549
 1340.23653143534716  201.483159060869781
 1025.75792618645278  452.146658811081181
 588.082211887465178  569.767067250333866
  1053.3450083422515  615.382316035096892
 750.798671103573724   487.17963185961645
 830.405606510834446  293.149455133947356
 1024.98280959387125  436.513841935861137
 1225.93740432889399  353.192799227819307
 1199.45704769237909  408.524203088671698
  1034.7802101544828  633.617224154487758
  1030.7130437897813  265.514198449722528
 959.833722792610047  641.279224328121131
 986.673014497918416  776.006310923675187
 1232.19413400216399  262.094540846705399
 1061.82414609213697  574.488476595436055
 1193.24697862491371   240.21243672506921
 884.467113136147077  225.504330629879689
 1123.08187167603955  603.635573170355315
  542.34253808636106  691.977082204368344
 872.380641359153401  280.254507904449042
 587.514446409508309  783.557972834457587
 1473.77751288383911  732.819117117726137
 792.712517093661631   271.24849496333519
 810.442407424512226  175.252313068454498
 1111.75170090030042  707.747815727444049
 489.840719189187212  518.613524428576056
 852.720229481767888  450.616836828702787
 1273.41014627673303  1037.72472505138262
 635.644696882805647  121.047059230129278
 1247.68974647374284   386.77040324502434
 897.009502631052555  418.651311788604801
 908.330043288536899  70.4796279437403257
 1141.48990351411999 -11.6815436597397166
